  12.72962   0.00000   0.41306
  12.72962   0.00000   0.41306
  12.67962   0.01160   0.43047
  12.69522   0.00810   0.43047
  12.72962   0.00000   0.43047
  12.62962   0.02217   0.44761
  12.66163   0.01551   0.44761
  12.69562   0.00800   0.44761
  12.72962   0.00000   0.44761
  12.57962   0.03177   0.46458
  12.59523   0.02886   0.46458
  12.66242   0.01533   0.46458
  12.69602   0.00791   0.46458
  12.72962   0.00000   0.46458
  12.52962   0.04041   0.48141
  12.53039   0.04028   0.48141
  12.59680   0.02852   0.48141
  12.66321   0.01515   0.48141
  12.69641   0.00782   0.48141
  12.72962   0.00000   0.48141
  12.47962   0.04802   0.49812
  12.53272   0.03981   0.49812
  12.59835   0.02819   0.49812
  12.66399   0.01497   0.49812
  12.69680   0.00773   0.49812
  12.72962   0.00000   0.49812
  12.42962   0.05444   0.51475
  12.47019   0.04920   0.51475
  12.53505   0.03934   0.51475
  12.59991   0.02786   0.51475
  12.66476   0.01480   0.51475
  12.69719   0.00763   0.51475
  12.72962   0.00000   0.51475
  12.37962   0.05937   0.53131
  12.40920   0.05650   0.53131
  12.47328   0.04861   0.53131
  12.53737   0.03887   0.53131
  12.60145   0.02752   0.53131
  12.66553   0.01462   0.53131
  12.69758   0.00754   0.53131
  12.72962   0.00000   0.53131
  12.32962   0.06231   0.54788
  12.34975   0.06122   0.54788
  12.41306   0.05581   0.54788
  12.47637   0.04803   0.54788
  12.53968   0.03840   0.54788
  12.60299   0.02719   0.54788
  12.66631   0.01445   0.54788
  12.69796   0.00745   0.54788
  12.72962   0.00000   0.54788
  12.27962   0.06246   0.56453
  12.29187   0.06255   0.56453
  12.35441   0.06047   0.56453
  12.41694   0.05513   0.56453
  12.47948   0.04744   0.56453
  12.54201   0.03793   0.56453
  12.60455   0.02686   0.56453
  12.66708   0.01427   0.56453
  12.69835   0.00736   0.56453
  12.72962   0.00000   0.56453
  12.22962   0.05844   0.58132
  12.23561   0.05905   0.58132
  12.26648   0.06115   0.58132
  12.29736   0.06177   0.58132
  12.35911   0.05971   0.58132
  12.42086   0.05444   0.58132
  12.48261   0.04685   0.58132
  12.54436   0.03745   0.58132
  12.60611   0.02652   0.58132
  12.66787   0.01409   0.58132
  12.69874   0.00727   0.58132
  12.72962   0.00000   0.58132
  12.17962   0.04718   0.59839
  12.18102   0.04757   0.59839
  12.21149   0.05430   0.59839
  12.24197   0.05829   0.59839
  12.27245   0.06036   0.59839
  12.30293   0.06097   0.59839
  12.36388   0.05894   0.59839
  12.42484   0.05374   0.59839
  12.48579   0.04624   0.59839
  12.54675   0.03697   0.59839
  12.60771   0.02618   0.59839
  12.66866   0.01391   0.59839
  12.69914   0.00717   0.59839
  12.72962   0.00000   0.59839
  12.14338   0.00000   0.64839
  12.14631   0.01193   0.64839
  12.15070   0.01850   0.64839
  12.15803   0.02555   0.64839
  12.17269   0.03473   0.64839
  12.18734   0.04104   0.64839
  12.20200   0.04575   0.64839
  12.23131   0.05223   0.64839
  12.26062   0.05606   0.64839
  12.28994   0.05805   0.64839
  12.31925   0.05864   0.64839
  12.37787   0.05669   0.64839
  12.43650   0.05168   0.64839
  12.49512   0.04447   0.64839
  12.55374   0.03556   0.64839
  12.61237   0.02518   0.64839
  12.67099   0.01338   0.64839
  12.70031   0.00690   0.64839
  12.72962   0.00000   0.64839
  12.16669   0.00000   0.69839
  12.16951   0.01146   0.69839
  12.17373   0.01777   0.69839
  12.18076   0.02453   0.69839
  12.19484   0.03335   0.69839
  12.20891   0.03940   0.69839
  12.22298   0.04393   0.69839
  12.25113   0.05015   0.69839
  12.27928   0.05383   0.69839
  12.30742   0.05574   0.69839
  12.33557   0.05631   0.69839
  12.39186   0.05443   0.69839
  12.44815   0.04963   0.69839
  12.50445   0.04270   0.69839
  12.56074   0.03414   0.69839
  12.61703   0.02418   0.69839
  12.67332   0.01284   0.69839
  12.70147   0.00663   0.69839
  12.72962   0.00000   0.69839
  12.19001   0.00000   0.74839
  12.19270   0.01098   0.74839
  12.19675   0.01703   0.74839
  12.20350   0.02352   0.74839
  12.21699   0.03197   0.74839
  12.23048   0.03777   0.74839
  12.24397   0.04211   0.74839
  12.27095   0.04807   0.74839
  12.29793   0.05160   0.74839
  12.32491   0.05343   0.74839
  12.35189   0.05398   0.74839
  12.40585   0.05218   0.74839
  12.45981   0.04757   0.74839
  12.51377   0.04094   0.74839
  12.56773   0.03273   0.74839
  12.62170   0.02318   0.74839
  12.67566   0.01231   0.74839
  12.70264   0.00635   0.74839
  12.72962   0.00000   0.74839
  12.21332   0.00000   0.79839
  12.21590   0.01051   0.79839
  12.21978   0.01630   0.79839
  12.22623   0.02250   0.79839
  12.23914   0.03059   0.79839
  12.25204   0.03614   0.79839
  12.26495   0.04030   0.79839
  12.29077   0.04600   0.79839
  12.31658   0.04937   0.79839
  12.34240   0.05113   0.79839
  12.36821   0.05164   0.79839
  12.41984   0.04992   0.79839
  12.47147   0.04552   0.79839
  12.52310   0.03917   0.79839
  12.57473   0.03132   0.79839
  12.62636   0.02218   0.79839
  12.67799   0.01178   0.79839
  12.70380   0.00608   0.79839
  12.72962   0.00000   0.79839
  12.22962   0.00000   0.83333
  12.23212   0.01018   0.83333
  12.23587   0.01578   0.83333
  12.24212   0.02179   0.83333
  12.25462   0.02962   0.83333
  12.26712   0.03500   0.83333
  12.27962   0.03902   0.83333
  12.30462   0.04454   0.83333
  12.32962   0.04781   0.83333
  12.35462   0.04951   0.83333
  12.37962   0.05001   0.83333
  12.42962   0.04835   0.83333
  12.47962   0.04408   0.83333
  12.52962   0.03793   0.83333
  12.57962   0.03033   0.83333
  12.62962   0.02148   0.83333
  12.67962   0.01141   0.83333
  12.70462   0.00589   0.83333
  12.72962   0.00000   0.83333
