  13.14628   0.00000   0.27129
  13.14628   0.00000   0.27129
  13.09628   0.01165   0.28726
  13.10855   0.00888   0.28726
  13.14628   0.00000   0.28726
  13.04628   0.02235   0.30322
  13.07156   0.01705   0.30322
  13.10892   0.00880   0.30322
  13.14628   0.00000   0.30322
  12.99628   0.03216   0.31919
  12.99833   0.03177   0.31919
  13.07231   0.01688   0.31919
  13.10930   0.00871   0.31919
  13.14628   0.00000   0.31919
  12.94628   0.04110   0.33530
  12.99984   0.03145   0.33530
  13.07306   0.01671   0.33530
  13.10967   0.00862   0.33530
  13.14628   0.00000   0.33530
  12.89628   0.04915   0.35156
  12.92889   0.04395   0.35156
  13.00135   0.03112   0.35156
  13.07382   0.01653   0.35156
  13.11005   0.00853   0.35156
  13.14628   0.00000   0.35156
  12.84628   0.05619   0.36802
  12.85949   0.05439   0.36802
  12.93119   0.04349   0.36802
  13.00289   0.03079   0.36802
  13.07459   0.01636   0.36802
  13.11044   0.00844   0.36802
  13.14628   0.00000   0.36802
  12.79628   0.06203   0.38474
  12.86261   0.05380   0.38474
  12.93353   0.04301   0.38474
  13.00445   0.03046   0.38474
  13.07537   0.01618   0.38474
  13.11082   0.00835   0.38474
  13.14628   0.00000   0.38474
  12.74628   0.06636   0.40178
  12.79567   0.06182   0.40178
  12.86579   0.05320   0.40178
  12.93591   0.04253   0.40178
  13.00604   0.03012   0.40178
  13.07616   0.01600   0.40178
  13.11122   0.00825   0.40178
  13.14628   0.00000   0.40178
  12.69628   0.06870   0.41917
  12.73041   0.06702   0.41917
  12.79972   0.06111   0.41917
  12.86903   0.05258   0.41917
  12.93835   0.04204   0.41917
  13.00766   0.02977   0.41917
  13.07697   0.01581   0.41917
  13.11163   0.00816   0.41917
  13.14628   0.00000   0.41917
  12.64628   0.06826   0.43701
  12.66692   0.06850   0.43701
  12.73540   0.06622   0.43701
  12.80388   0.06037   0.43701
  12.87236   0.05195   0.43701
  12.94084   0.04154   0.43701
  13.00932   0.02941   0.43701
  13.07780   0.01562   0.43701
  13.11204   0.00806   0.43701
  13.14628   0.00000   0.43701
  12.59628   0.06372   0.45540
  12.60530   0.06467   0.45540
  12.63911   0.06696   0.45540
  12.67292   0.06764   0.45540
  12.74054   0.06539   0.45540
  12.80817   0.05962   0.45540
  12.87579   0.05130   0.45540
  12.94341   0.04102   0.45540
  13.01104   0.02904   0.45540
  13.07866   0.01543   0.45540
  13.11247   0.00796   0.45540
  13.14628   0.00000   0.45540
  12.54628   0.05226   0.47444
  12.57903   0.05945   0.47444
  12.61240   0.06382   0.47444
  12.64577   0.06608   0.47444
  12.67914   0.06675   0.47444
  12.74587   0.06453   0.47444
  12.81261   0.05883   0.47444
  12.87934   0.05063   0.47444
  12.94608   0.04048   0.47444
  13.01281   0.02866   0.47444
  13.07955   0.01523   0.47444
  13.11292   0.00786   0.47444
  13.14628   0.00000   0.47444
  12.49628   0.02065   0.49424
  12.49639   0.02077   0.49424
  12.50461   0.02868   0.49424
  12.52107   0.03899   0.49424
  12.53752   0.04607   0.49424
  12.55397   0.05136   0.49424
  12.58688   0.05863   0.49424
  12.61979   0.06294   0.49424
  12.65269   0.06517   0.49424
  12.68560   0.06583   0.49424
  12.75141   0.06364   0.49424
  12.81722   0.05802   0.49424
  12.88304   0.04993   0.49424
  12.94885   0.03992   0.49424
  13.01466   0.02827   0.49424
  13.08047   0.01502   0.49424
  13.11338   0.00775   0.49424
  13.14628   0.00000   0.49424
  12.51148   0.00000   0.54424
  12.51465   0.01292   0.54424
  12.51941   0.02004   0.54424
  12.52735   0.02766   0.54424
  12.54322   0.03761   0.54424
  12.55909   0.04444   0.54424
  12.57496   0.04954   0.54424
  12.60670   0.05655   0.54424
  12.63844   0.06071   0.54424
  12.67018   0.06286   0.54424
  12.70192   0.06350   0.54424
  12.76540   0.06138   0.54424
  12.82888   0.05596   0.54424
  12.89236   0.04816   0.54424
  12.95584   0.03850   0.54424
  13.01932   0.02727   0.54424
  13.08280   0.01448   0.54424
  13.11454   0.00747   0.54424
  13.14628   0.00000   0.54424
  12.53479   0.00000   0.59424
  12.53785   0.01245   0.59424
  12.54244   0.01930   0.59424
  12.55008   0.02665   0.59424
  12.56537   0.03623   0.59424
  12.58065   0.04280   0.59424
  12.59594   0.04772   0.59424
  12.62652   0.05448   0.59424
  12.65709   0.05848   0.59424
  12.68767   0.06055   0.59424
  12.71824   0.06117   0.59424
  12.77939   0.05913   0.59424
  12.84054   0.05391   0.59424
  12.90169   0.04639   0.59424
  12.96284   0.03709   0.59424
  13.02399   0.02626   0.59424
  13.08513   0.01395   0.59424
  13.11571   0.00720   0.59424
  13.14628   0.00000   0.59424
  12.55811   0.00000   0.64424
  12.56105   0.01197   0.64424
  12.56546   0.01857   0.64424
  12.57281   0.02563   0.64424
  12.58752   0.03485   0.64424
  12.60222   0.04117   0.64424
  12.61693   0.04591   0.64424
  12.64633   0.05240   0.64424
  12.67574   0.05625   0.64424
  12.70515   0.05824   0.64424
  12.73456   0.05883   0.64424
  12.79338   0.05688   0.64424
  12.85220   0.05185   0.64424
  12.91101   0.04462   0.64424
  12.96983   0.03567   0.64424
  13.02865   0.02526   0.64424
  13.08747   0.01342   0.64424
  13.11688   0.00692   0.64424
  13.14628   0.00000   0.64424
  12.58142   0.00000   0.69424
  12.58425   0.01150   0.69424
  12.58848   0.01783   0.69424
  12.59554   0.02462   0.69424
  12.60967   0.03347   0.69424
  12.62379   0.03954   0.69424
  12.63791   0.04409   0.69424
  12.66615   0.05032   0.69424
  12.69440   0.05402   0.69424
  12.72264   0.05593   0.69424
  12.75088   0.05650   0.69424
  12.80737   0.05462   0.69424
  12.86385   0.04980   0.69424
  12.92034   0.04285   0.69424
  12.97683   0.03426   0.69424
  13.03331   0.02426   0.69424
  13.08980   0.01289   0.69424
  13.11804   0.00665   0.69424
  13.14628   0.00000   0.69424
  12.60474   0.00000   0.74424
  12.60745   0.01102   0.74424
  12.61151   0.01709   0.74424
  12.61828   0.02360   0.74424
  12.63182   0.03208   0.74424
  12.64535   0.03791   0.74424
  12.65889   0.04227   0.74424
  12.68597   0.04824   0.74424
  12.71305   0.05179   0.74424
  12.74012   0.05363   0.74424
  12.76720   0.05417   0.74424
  12.82136   0.05237   0.74424
  12.87551   0.04774   0.74424
  12.92967   0.04108   0.74424
  12.98382   0.03285   0.74424
  13.03797   0.02326   0.74424
  13.09213   0.01236   0.74424
  13.11921   0.00637   0.74424
  13.14628   0.00000   0.74424
  12.62805   0.00000   0.79424
  12.63064   0.01055   0.79424
  12.63453   0.01636   0.79424
  12.64101   0.02258   0.79424
  12.65397   0.03070   0.79424
  12.66692   0.03628   0.79424
  12.67988   0.04045   0.79424
  12.70579   0.04617   0.79424
  12.73170   0.04956   0.79424
  12.75761   0.05132   0.79424
  12.78352   0.05184   0.79424
  12.83535   0.05011   0.79424
  12.88717   0.04569   0.79424
  12.93899   0.03931   0.79424
  12.99082   0.03143   0.79424
  13.04264   0.02226   0.79424
  13.09446   0.01182   0.79424
  13.12037   0.00610   0.79424
  13.14628   0.00000   0.79424
  12.64628   0.00000   0.83333
  12.64878   0.01018   0.83333
  12.65253   0.01578   0.83333
  12.65878   0.02179   0.83333
  12.67128   0.02962   0.83333
  12.68378   0.03500   0.83333
  12.69628   0.03902   0.83333
  12.72128   0.04454   0.83333
  12.74628   0.04781   0.83333
  12.77128   0.04951   0.83333
  12.79628   0.05001   0.83333
  12.84628   0.04835   0.83333
  12.89628   0.04408   0.83333
  12.94628   0.03793   0.83333
  12.99628   0.03033   0.83333
  13.04628   0.02148   0.83333
  13.09628   0.01141   0.83333
  13.12128   0.00589   0.83333
  13.14628   0.00000   0.83333
