  13.56295   0.00000   0.15322
  13.56295   0.00000   0.15322
  13.51295   0.01168   0.16479
  13.52236   0.00955   0.16479
  13.56295   0.00000   0.16479
  13.46295   0.02248   0.17651
  13.48232   0.01840   0.17651
  13.52264   0.00949   0.17651
  13.56295   0.00000   0.17651
  13.41295   0.03246   0.18853
  13.48288   0.01827   0.18853
  13.52292   0.00942   0.18853
  13.56295   0.00000   0.18853
  13.36295   0.04164   0.20103
  13.40398   0.03414   0.20103
  13.48347   0.01814   0.20103
  13.52321   0.00936   0.20103
  13.56295   0.00000   0.20103
  13.31295   0.05002   0.21401
  13.32631   0.04784   0.21401
  13.40519   0.03388   0.21401
  13.48407   0.01800   0.21401
  13.52351   0.00928   0.21401
  13.56295   0.00000   0.21401
  13.26295   0.05753   0.22759
  13.32821   0.04746   0.22759
  13.40646   0.03361   0.22759
  13.48470   0.01785   0.22759
  13.52383   0.00921   0.22759
  13.56295   0.00000   0.22759
  13.21295   0.06405   0.24182
  13.25262   0.05886   0.24182
  13.33020   0.04706   0.24182
  13.40778   0.03332   0.24182
  13.48537   0.01770   0.24182
  13.52416   0.00913   0.24182
  13.56295   0.00000   0.24182
  13.16295   0.06937   0.25674
  13.17851   0.06778   0.25674
  13.25540   0.05833   0.25674
  13.33229   0.04663   0.25674
  13.40918   0.03302   0.25674
  13.48606   0.01754   0.25674
  13.52451   0.00905   0.25674
  13.56295   0.00000   0.25674
  13.11295   0.07319   0.27241
  13.18217   0.06714   0.27241
  13.25833   0.05777   0.27241
  13.33448   0.04619   0.27241
  13.41064   0.03271   0.27241
  13.48679   0.01738   0.27241
  13.52487   0.00896   0.27241
  13.56295   0.00000   0.27241
  13.06295   0.07504   0.28892
  13.11063   0.07290   0.28892
  13.18602   0.06646   0.28892
  13.26140   0.05719   0.28892
  13.33679   0.04572   0.28892
  13.41218   0.03238   0.28892
  13.48756   0.01720   0.28892
  13.52526   0.00887   0.28892
  13.56295   0.00000   0.28892
  13.01295   0.07418   0.30635
  13.04093   0.07460   0.30635
  13.11551   0.07211   0.30635
  13.19008   0.06574   0.30635
  13.26466   0.05657   0.30635
  13.33923   0.04523   0.30635
  13.41380   0.03203   0.30635
  13.48838   0.01702   0.30635
  13.52566   0.00878   0.30635
  13.56295   0.00000   0.30635
  12.96295   0.06941   0.32478
  12.97324   0.07049   0.32478
  13.01009   0.07299   0.32478
  13.04695   0.07374   0.32478
  13.12066   0.07128   0.32478
  13.19438   0.06499   0.32478
  13.26809   0.05592   0.32478
  13.34181   0.04471   0.32478
  13.41552   0.03166   0.32478
  13.48924   0.01682   0.32478
  13.52609   0.00868   0.32478
  13.56295   0.00000   0.32478
  12.91295   0.05824   0.34434
  12.94413   0.06486   0.34434
  12.98053   0.06962   0.34434
  13.01693   0.07209   0.34434
  13.05333   0.07282   0.34434
  13.12614   0.07040   0.34434
  13.19894   0.06418   0.34434
  13.27174   0.05523   0.34434
  13.34454   0.04416   0.34434
  13.41735   0.03127   0.34434
  13.49015   0.01661   0.34434
  13.52655   0.00857   0.34434
  13.56295   0.00000   0.34434
  12.86295   0.03159   0.36514
  12.88054   0.04256   0.36514
  12.89850   0.05028   0.36514
  12.91646   0.05606   0.36514
  12.95237   0.06399   0.36514
  12.98829   0.06869   0.36514
  13.02421   0.07113   0.36514
  13.06012   0.07185   0.36514
  13.13196   0.06946   0.36514
  13.20379   0.06333   0.36514
  13.27562   0.05449   0.36514
  13.34745   0.04357   0.36514
  13.41929   0.03085   0.36514
  13.49112   0.01639   0.36514
  13.52703   0.00846   0.36514
  13.56295   0.00000   0.36514
  12.86794   0.00000   0.41514
  12.87142   0.01415   0.41514
  12.87663   0.02194   0.41514
  12.88532   0.03029   0.41514
  12.90269   0.04118   0.41514
  12.92007   0.04865   0.41514
  12.93744   0.05424   0.41514
  12.97219   0.06192   0.41514
  13.00694   0.06646   0.41514
  13.04169   0.06882   0.41514
  13.07644   0.06952   0.41514
  13.14595   0.06721   0.41514
  13.21545   0.06127   0.41514
  13.28495   0.05272   0.41514
  13.35445   0.04215   0.41514
  13.42395   0.02985   0.41514
  13.49345   0.01586   0.41514
  13.52820   0.00818   0.41514
  13.56295   0.00000   0.41514
  12.89126   0.00000   0.46514
  12.89462   0.01367   0.46514
  12.89965   0.02120   0.46514
  12.90805   0.02927   0.46514
  12.92484   0.03979   0.46514
  12.94163   0.04702   0.46514
  12.95843   0.05242   0.46514
  12.99201   0.05984   0.46514
  13.02560   0.06423   0.46514
  13.05918   0.06651   0.46514
  13.09277   0.06719   0.46514
  13.15993   0.06495   0.46514
  13.22710   0.05922   0.46514
  13.29427   0.05096   0.46514
  13.36144   0.04074   0.46514
  13.42861   0.02885   0.46514
  13.49578   0.01533   0.46514
  13.52937   0.00791   0.46514
  13.56295   0.00000   0.46514
  12.91457   0.00000   0.51514
  12.91781   0.01320   0.51514
  12.92268   0.02047   0.51514
  12.93078   0.02826   0.51514
  12.94699   0.03841   0.51514
  12.96320   0.04539   0.51514
  12.97941   0.05060   0.51514
  13.01183   0.05776   0.51514
  13.04425   0.06200   0.51514
  13.07667   0.06420   0.51514
  13.10909   0.06486   0.51514
  13.17392   0.06270   0.51514
  13.23876   0.05716   0.51514
  13.30360   0.04919   0.51514
  13.36844   0.03933   0.51514
  13.43327   0.02785   0.51514
  13.49811   0.01479   0.51514
  13.53053   0.00763   0.51514
  13.56295   0.00000   0.51514
  12.93789   0.00000   0.56514
  12.94101   0.01272   0.56514
  12.94570   0.01973   0.56514
  12.95351   0.02724   0.56514
  12.96914   0.03703   0.56514
  12.98477   0.04375   0.56514
  13.00039   0.04878   0.56514
  13.03165   0.05569   0.56514
  13.06290   0.05977   0.56514
  13.09415   0.06190   0.56514
  13.12541   0.06252   0.56514
  13.18791   0.06044   0.56514
  13.25042   0.05510   0.56514
  13.31293   0.04742   0.56514
  13.37543   0.03791   0.56514
  13.43794   0.02685   0.56514
  13.50044   0.01426   0.56514
  13.53170   0.00736   0.56514
  13.56295   0.00000   0.56514
  12.96120   0.00000   0.61514
  12.96421   0.01225   0.61514
  12.96873   0.01899   0.61514
  12.97625   0.02622   0.61514
  12.99129   0.03565   0.61514
  13.00633   0.04212   0.61514
  13.02138   0.04696   0.61514
  13.05147   0.05361   0.61514
  13.08155   0.05754   0.61514
  13.11164   0.05959   0.61514
  13.14173   0.06019   0.61514
  13.20190   0.05819   0.61514
  13.26208   0.05305   0.61514
  13.32225   0.04565   0.61514
  13.38243   0.03650   0.61514
  13.44260   0.02585   0.61514
  13.50278   0.01373   0.61514
  13.53286   0.00708   0.61514
  13.56295   0.00000   0.61514
  12.98452   0.00000   0.66514
  12.98741   0.01177   0.66514
  12.99175   0.01826   0.66514
  12.99898   0.02521   0.66514
  13.01344   0.03427   0.66514
  13.02790   0.04049   0.66514
  13.04236   0.04514   0.66514
  13.07128   0.05153   0.66514
  13.10021   0.05531   0.66514
  13.12913   0.05728   0.66514
  13.15805   0.05786   0.66514
  13.21589   0.05593   0.66514
  13.27373   0.05099   0.66514
  13.33158   0.04388   0.66514
  13.38942   0.03508   0.66514
  13.44726   0.02484   0.66514
  13.50511   0.01320   0.66514
  13.53403   0.00681   0.66514
  13.56295   0.00000   0.66514
  13.00783   0.00000   0.71514
  13.01061   0.01130   0.71514
  13.01477   0.01752   0.71514
  13.02171   0.02419   0.71514
  13.03559   0.03289   0.71514
  13.04947   0.03886   0.71514
  13.06335   0.04333   0.71514
  13.09110   0.04945   0.71514
  13.11886   0.05308   0.71514
  13.14661   0.05497   0.71514
  13.17437   0.05553   0.71514
  13.22988   0.05368   0.71514
  13.28539   0.04894   0.71514
  13.34090   0.04211   0.71514
  13.39642   0.03367   0.71514
  13.45193   0.02384   0.71514
  13.50744   0.01267   0.71514
  13.53519   0.00653   0.71514
  13.56295   0.00000   0.71514
  13.03115   0.00000   0.76514
  13.03381   0.01082   0.76514
  13.03780   0.01679   0.76514
  13.04444   0.02318   0.76514
  13.05774   0.03151   0.76514
  13.07103   0.03723   0.76514
  13.08433   0.04151   0.76514
  13.11092   0.04738   0.76514
  13.13751   0.05086   0.76514
  13.16410   0.05266   0.76514
  13.19069   0.05320   0.76514
  13.24387   0.05142   0.76514
  13.29705   0.04688   0.76514
  13.35023   0.04034   0.76514
  13.40341   0.03226   0.76514
  13.45659   0.02284   0.76514
  13.50977   0.01213   0.76514
  13.53636   0.00626   0.76514
  13.56295   0.00000   0.76514
  13.05446   0.00000   0.81514
  13.05701   0.01035   0.81514
  13.06082   0.01605   0.81514
  13.06718   0.02216   0.81514
  13.07989   0.03013   0.81514
  13.09260   0.03559   0.81514
  13.10531   0.03969   0.81514
  13.13074   0.04530   0.81514
  13.15616   0.04863   0.81514
  13.18159   0.05035   0.81514
  13.20701   0.05086   0.81514
  13.25786   0.04917   0.81514
  13.30871   0.04483   0.81514
  13.35956   0.03857   0.81514
  13.41040   0.03084   0.81514
  13.46125   0.02184   0.81514
  13.51210   0.01160   0.81514
  13.53753   0.00599   0.81514
  13.56295   0.00000   0.81514
  13.06295   0.00000   0.83333
  13.06545   0.01018   0.83333
  13.06920   0.01578   0.83333
  13.07545   0.02179   0.83333
  13.08795   0.02962   0.83333
  13.10045   0.03500   0.83333
  13.11295   0.03902   0.83333
  13.13795   0.04454   0.83333
  13.16295   0.04781   0.83333
  13.18795   0.04951   0.83333
  13.21295   0.05001   0.83333
  13.26295   0.04835   0.83333
  13.31295   0.04408   0.83333
  13.36295   0.03793   0.83333
  13.41295   0.03033   0.83333
  13.46295   0.02148   0.83333
  13.51295   0.01141   0.83333
  13.53795   0.00589   0.83333
  13.56295   0.00000   0.83333
